$ANSIBLE_VAULT;1.1;AES256
33636363646238316664663338303930306333623662646338616331336632326265653631393539
6431383438636663633230333538306333353364373061350a373530303031323234353036396435
39366337316331373661363633373631613237383338343362343433326165353938383264346337
3835356261323236310a346634623934373464376139356630333239376131343439313164303561
30323064306334343461383435383836323535633835336461373464646366383538623735313333
66643863306334393430323561316163336238613431343263363631646331613463323137623162
32356139386532343133366438656262346533613339383466623738323861346136366261656631
35313438626335363565363661323135623134363663313131356537623035653066633631653262
39613462393164303165623839333765616637303265343031656432623665653765326630653631
61316164383734393930623566363430353230343336313062613361333036356239643266323230
393137356465313265666330366636346632
